$ 3 4.9999999999999996E-6 1.7725424121461644 52 0.01 50
150 1064 736 1128 736 0 2 0.0
150 1064 816 1128 816 0 2 0.0
150 1064 896 1128 896 0 2 0.0
150 1080 1024 1144 1024 0 2 0.0
150 1080 1104 1144 1104 0 2 0.0
150 1080 1168 1144 1168 0 2 0.0
w 1064 720 968 720 0
w 968 800 1064 800 0
w 1064 752 1000 752 0
w 1000 752 1000 1136 0
w 1000 1136 1000 1152 0
w 1080 1152 1000 1152 0
w 1064 832 1016 832 0
w 1016 832 1016 992 0
w 1064 912 1032 912 0
w 1032 912 1032 1072 0
w 1080 1088 1032 1088 0
w 1080 1008 1016 1008 0
w 1016 992 1016 1008 0
w 1032 1072 1032 1088 0
w 1080 1040 1048 1040 0
w 1048 1040 1048 944 0
w 1048 944 1048 896 0
w 1048 896 1064 880 0
w 1080 1120 1032 1120 0
w 1032 1120 984 1120 0
w 984 1120 984 976 0
w 984 976 984 848 0
w 984 848 984 736 0
w 984 736 968 720 0
w 1080 1184 1016 1184 0
w 1016 1184 968 1184 0
w 968 944 968 848 0
w 968 848 968 800 0
152 1208 800 1304 800 0 3 0.0
152 1240 1104 1336 1104 0 3 0.0
w 1128 736 1176 736 0
w 1176 736 1176 784 0
w 1176 784 1208 784 0
w 1208 800 1176 800 0
w 1176 800 1176 816 0
w 1176 816 1128 816 0
w 1208 816 1208 896 0
w 1208 896 1128 896 0
w 1240 1088 1192 1088 0
w 1192 1088 1192 1024 0
w 1192 1024 1144 1024 0
w 1144 1104 1240 1104 0
w 1144 1168 1192 1168 0
w 1192 1168 1192 1120 0
w 1192 1120 1240 1120 0
150 1128 640 1208 640 0 2 0.0
150 1224 704 1304 704 0 2 0.0
150 1240 896 1336 896 0 2 0.0
150 1240 976 1336 976 0 2 0.0
150 1304 1040 1400 1040 0 2 0.0
w 1128 624 968 624 0
w 968 624 968 720 0
w 1128 656 1016 656 0
w 1016 656 1016 784 0
w 1016 784 968 800 0
w 1224 688 1128 688 0
w 1128 688 1032 688 0
w 1032 688 1016 656 0
w 1224 720 1160 720 0
w 1160 720 1160 864 0
w 1160 864 1080 864 0
w 1080 864 1048 864 0
w 1048 864 1064 880 0
w 1240 880 1160 880 0
w 1160 880 1160 976 0
w 1160 976 1064 976 0
w 1064 976 1080 1008 0
w 1240 912 1144 912 0
w 1144 912 1144 960 0
w 1128 944 1144 960 0
w 1240 960 1176 960 0
w 1176 960 1160 976 0
w 1240 992 1160 992 0
w 1160 992 1160 1056 0
w 1160 1056 1080 1056 0
w 1080 1056 1016 1056 0
w 1016 1056 1000 1136 0
w 1304 1024 1224 1024 0
w 1304 1056 1240 1056 0
w 1240 1056 1240 992 0
152 1368 672 1448 672 0 3 0.0
w 1208 640 1336 640 0
w 1336 640 1368 656 0
w 1368 672 1336 672 0
w 1336 672 1304 704 0
w 1368 688 1352 688 0
w 1352 896 1336 896 0
152 1416 960 1496 960 0 3 0.0
w 1352 896 1384 896 0
w 1384 896 1416 944 0
w 1336 976 1384 976 0
w 1384 976 1416 960 0
w 1416 976 1400 1040 0
150 1304 752 1352 752 0 2 0.0
w 1304 736 1240 736 0
w 1240 736 1208 736 0
w 1208 736 1208 704 0
w 1208 704 1160 672 0
w 1160 672 1112 672 0
w 1112 672 1112 640 0
w 1112 640 1128 624 0
w 1304 768 1224 768 0
w 1224 768 1192 768 0
w 1192 768 1192 736 0
w 1192 736 1192 704 0
w 1192 704 1160 720 0
w 1352 752 1368 752 0
w 1352 688 1368 752 0
152 1640 816 1752 816 0 2 0.0
w 1448 672 1592 672 0
w 1592 672 1592 800 0
w 1592 800 1640 800 0
w 1640 832 1592 832 0
w 1592 832 1592 960 0
w 1496 960 1592 960 0
153 1512 816 1560 816 0 2 5.0
w 1512 832 1496 832 0
w 1336 1104 1544 1104 0
w 1544 1104 1544 880 0
w 1544 880 1496 832 0
w 1544 1104 1688 1104 0
w 1304 800 1416 800 0
w 1416 800 1512 800 0
w 1416 800 1416 736 0
w 1416 736 1688 736 0
I 1784 816 1832 816 0 0.5
150 1864 768 1944 768 0 2 0.0
150 1880 896 1944 896 0 2 0.0
w 1752 816 1784 816 0
w 1688 736 1832 736 0
w 1832 736 1864 752 0
w 1832 816 1864 816 0
w 1864 816 1864 784 0
w 1864 816 1864 880 0
w 1864 880 1880 880 0
w 1880 912 1864 912 0
w 1864 912 1864 1104 0
w 1688 1104 1864 1104 0
w 1944 896 1960 896 0
w 1944 768 1960 768 0
w 1960 768 1976 768 0
w 1960 896 1976 896 0
w 1976 768 1992 768 0
w 1752 816 1752 688 0
w 1560 816 1608 816 0
w 1608 816 1608 640 0
w 1000 1152 920 1152 0
w 1016 1008 920 1008 0
w 1064 880 920 880 0
w 968 944 968 1184 0
w 1032 1088 920 1088 0
w 968 800 920 800 0
w 968 720 920 720 0
w 1128 944 1064 944 0
w 1032 912 1064 944 0
w 1224 1024 1224 928 0
w 1224 928 1240 912 0
L 920 720 904 720 0 1 false 5.0 0.0
L 920 800 904 800 0 0 false 5.0 0.0
L 920 880 904 880 0 0 false 5.0 0.0
w 2040 896 2120 896 0
w 2120 896 2120 1168 0
w 2040 768 2312 768 0
w 2504 712 2400 712 0
155 2512 632 2528 632 3 0.0
155 2592 632 2608 632 3 0.0
155 2672 632 2680 632 3 0.0
155 2752 632 2768 632 3 0.0
155 2832 632 2848 632 3 0.0
w 2880 664 2880 688 0
w 2880 688 2488 688 0
w 2488 688 2488 632 0
w 2488 632 2512 632 0
w 2512 648 2504 648 0
w 2504 648 2504 712 0
w 2592 648 2584 648 0
w 2584 648 2584 712 0
w 2672 648 2664 648 0
w 2664 648 2664 712 0
w 2752 648 2744 648 0
w 2744 648 2744 712 0
w 2832 648 2824 648 0
w 2824 648 2824 712 0
w 2504 712 2584 712 0
w 2584 712 2664 712 0
w 2664 712 2744 712 0
w 2744 712 2824 712 0
150 2552 584 2552 528 1 2 0.0
150 2592 584 2592 528 1 2 0.0
150 2632 584 2632 528 1 2 0.0
150 2672 584 2672 528 1 2 0.0
150 2712 584 2712 528 1 2 0.0
150 2752 584 2752 528 1 2 0.0
150 2792 584 2792 528 1 2 0.0
150 2512 584 2512 528 1 2 5.0
w 2488 632 2488 584 0
w 2488 584 2504 584 0
w 2560 664 2560 616 0
w 2560 616 2520 616 0
w 2520 616 2520 584 0
w 2544 584 2544 592 0
w 2544 592 2880 592 0
w 2880 592 2880 584 0
w 2560 584 2584 584 0
w 2584 584 2584 632 0
w 2584 632 2592 632 0
w 2880 592 2880 632 0
w 2640 632 2640 584 0
w 2640 584 2664 584 0
w 2640 664 2648 664 0
w 2648 664 2648 608 0
w 2648 608 2600 608 0
w 2600 608 2600 584 0
w 2704 584 2704 608 0
w 2704 608 2648 608 0
w 2720 632 2720 584 0
w 2720 584 2744 584 0
w 2800 632 2800 584 0
w 2800 584 2824 584 0
w 2624 584 2624 616 0
w 2624 616 2560 616 0
w 2784 584 2784 600 0
w 2680 600 2680 584 0
w 2720 664 2728 664 0
w 2680 600 2728 600 0
w 2728 600 2728 664 0
w 2728 600 2784 600 0
w 2760 584 2760 608 0
w 2760 608 2808 608 0
w 2808 608 2864 608 0
w 2864 608 2864 584 0
w 2808 608 2808 664 0
w 2808 664 2800 664 0
w 2840 584 2840 600 0
w 2840 600 2888 600 0
w 2888 600 2888 664 0
w 2888 664 2880 664 0
w 2512 528 2512 312 0
w 2512 312 2880 312 0
w 2592 528 2592 336 0
w 2592 336 2880 336 0
w 2752 528 2752 384 0
w 2752 384 2880 384 0
w 2832 528 2832 408 0
w 2832 408 2880 408 0
w 2880 432 2552 432 0
w 2880 456 2632 456 0
w 2880 480 2712 480 0
w 2880 504 2792 504 0
w 2880 528 2872 528 0
w 2552 432 2552 528 0
w 2632 456 2632 528 0
w 2712 480 2712 528 0
w 2792 504 2792 528 0
w 2560 632 2568 632 0
w 2568 632 2568 720 0
w 2568 632 2584 632 0
w 2640 632 2656 632 0
w 2656 632 2656 720 0
w 2656 632 2672 632 0
w 2720 632 2736 632 0
w 2736 632 2752 632 0
w 2736 632 2736 720 0
w 2800 632 2816 632 0
w 2816 632 2816 720 0
w 2816 632 2832 632 0
w 2880 632 2896 632 0
w 2896 632 2896 720 0
M 2568 720 2568 736 0 2.5
M 2656 720 2656 736 0 2.5
M 2736 720 2736 736 0 2.5
M 2816 720 2816 736 0 2.5
M 2896 720 2896 736 0 2.5
w 2400 712 2312 712 0
w 2312 712 2312 720 0
w 2312 720 2312 768 0
M 2784 1608 2784 1624 0 2.5
M 2704 1608 2704 1624 0 2.5
M 2624 1608 2624 1624 0 2.5
M 2544 1608 2544 1624 0 2.5
M 2456 1608 2456 1624 0 2.5
w 2784 1520 2784 1608 0
w 2768 1520 2784 1520 0
w 2704 1520 2720 1520 0
w 2704 1520 2704 1608 0
w 2688 1520 2704 1520 0
w 2624 1520 2624 1608 0
w 2624 1520 2640 1520 0
w 2608 1520 2624 1520 0
w 2544 1520 2560 1520 0
w 2544 1520 2544 1608 0
w 2528 1520 2544 1520 0
w 2456 1520 2472 1520 0
w 2456 1520 2456 1608 0
w 2448 1520 2456 1520 0
M 2768 1416 2800 1416 0 2.5
w 2680 1392 2680 1416 0
w 2600 1368 2600 1416 0
w 2520 1344 2520 1416 0
w 2440 1320 2440 1416 0
w 2768 1416 2760 1416 0
w 2768 1392 2680 1392 0
w 2768 1368 2600 1368 0
w 2768 1344 2520 1344 0
w 2768 1320 2440 1320 0
w 2720 1296 2768 1296 0
w 2720 1416 2720 1296 0
w 2640 1272 2768 1272 0
w 2640 1416 2640 1272 0
w 2560 1248 2768 1248 0
w 2560 1416 2560 1248 0
w 2480 1224 2768 1224 0
w 2480 1416 2480 1224 0
w 2400 1200 2768 1200 0
w 2400 1416 2400 1200 0
w 2776 1552 2768 1552 0
w 2776 1488 2776 1552 0
w 2728 1488 2776 1488 0
w 2728 1472 2728 1488 0
w 2696 1552 2688 1552 0
w 2696 1496 2696 1552 0
w 2752 1496 2752 1472 0
w 2696 1496 2752 1496 0
w 2648 1496 2696 1496 0
w 2648 1472 2648 1496 0
w 2616 1488 2672 1488 0
w 2616 1488 2616 1552 0
w 2568 1488 2616 1488 0
w 2608 1552 2616 1552 0
w 2568 1488 2568 1472 0
w 2672 1472 2672 1488 0
w 2512 1504 2448 1504 0
w 2512 1472 2512 1504 0
w 2688 1472 2712 1472 0
w 2688 1520 2688 1472 0
w 2608 1472 2632 1472 0
w 2608 1520 2608 1472 0
w 2592 1496 2536 1496 0
w 2592 1472 2592 1496 0
w 2488 1496 2488 1472 0
w 2536 1496 2488 1496 0
w 2536 1552 2536 1496 0
w 2528 1552 2536 1552 0
w 2528 1472 2552 1472 0
w 2528 1520 2528 1472 0
w 2768 1480 2768 1520 0
w 2472 1520 2480 1520 0
w 2472 1472 2472 1520 0
w 2448 1472 2472 1472 0
w 2768 1480 2768 1472 0
w 2432 1480 2768 1480 0
w 2432 1472 2432 1480 0
w 2408 1504 2408 1472 0
w 2448 1504 2408 1504 0
w 2448 1552 2448 1504 0
w 2376 1472 2392 1472 0
w 2376 1520 2376 1472 0
150 2400 1472 2400 1416 1 2 5.0
150 2760 1472 2760 1416 1 2 0.0
150 2720 1472 2720 1416 1 2 0.0
150 2680 1472 2680 1416 1 2 0.0
150 2640 1472 2640 1416 1 2 0.0
150 2600 1472 2600 1416 1 2 0.0
150 2560 1472 2560 1416 1 2 0.0
150 2520 1472 2520 1416 1 2 0.0
150 2480 1472 2480 1416 1 2 0.0
150 2440 1472 2440 1416 1 2 0.0
w 2632 1600 2712 1600 0
w 2552 1600 2632 1600 0
w 2472 1600 2552 1600 0
w 2392 1600 2472 1600 0
w 2712 1536 2712 1600 0
w 2720 1536 2712 1536 0
w 2632 1536 2632 1600 0
w 2640 1536 2632 1536 0
w 2552 1536 2552 1600 0
w 2560 1536 2552 1536 0
w 2472 1536 2472 1600 0
w 2480 1536 2472 1536 0
w 2392 1536 2392 1600 0
w 2400 1536 2392 1536 0
w 2376 1520 2400 1520 0
w 2376 1576 2376 1520 0
w 2768 1576 2376 1576 0
w 2768 1552 2768 1576 0
155 2720 1520 2736 1520 3 0.0
155 2640 1520 2656 1520 3 0.0
155 2560 1520 2568 1520 3 0.0
155 2480 1520 2496 1520 3 0.0
155 2400 1520 2416 1520 3 0.0
w 2392 1600 2288 1600 0
w 2120 1168 2120 1568 0
w 2120 1568 2120 1600 0
w 2288 1600 2120 1600 0
157 3376 584 3488 584 0
152 3040 304 3152 304 1 4 0.0
152 3040 384 3160 384 1 4 0.0
152 3040 464 3160 464 1 4 0.0
w 2880 336 2960 336 0
w 2960 336 2960 288 0
w 2960 288 3040 288 0
w 2880 384 2968 384 0
w 2968 384 2968 296 0
w 2968 296 3040 296 0
w 2880 432 2976 432 0
w 2976 432 2976 312 0
w 2976 312 3048 312 0
w 3048 312 3040 312 0
w 3040 320 2984 320 0
w 2984 320 2984 480 0
w 2984 480 2880 480 0
w 2968 384 3000 384 0
w 3000 384 3000 376 0
w 3000 376 3040 376 0
w 2880 456 2992 456 0
w 2992 456 2992 392 0
w 2992 392 3040 392 0
w 2880 408 3040 408 0
w 3040 408 3040 448 0
w 2976 432 3024 432 0
w 3024 432 3024 456 0
w 3024 456 3040 456 0
w 2992 456 3016 456 0
w 3016 456 3016 472 0
w 3016 472 3040 472 0
w 2984 480 3040 480 0
197 3264 344 3288 344 1
w 3152 304 3232 304 0
w 3232 304 3232 392 0
w 3160 464 3216 464 0
w 3216 464 3216 360 0
w 3216 360 3264 360 0
w 3232 392 3264 392 0
g 3248 344 3248 272 0
w 3264 344 3248 344 0
w 3328 344 3376 344 0
w 3328 360 3376 360 0
w 3376 360 3376 376 0
w 3328 376 3360 376 0
w 3360 376 3376 408 0
w 3328 392 3376 440 0
w 3328 408 3376 480 0
w 3376 480 3440 480 0
w 3440 480 3440 472 0
w 3328 424 3360 496 0
w 3360 496 3472 496 0
w 3472 496 3472 472 0
w 3328 440 3352 512 0
w 3352 512 3504 512 0
w 3504 512 3504 472 0
w 3200 384 3160 384 0
w 3040 368 2672 368 0
w 2672 368 2672 528 0
w 3040 400 3032 400 0
w 3032 400 3032 496 0
w 3032 496 2984 496 0
w 2984 496 2984 480 0
150 2832 584 2832 528 1 2 0.0
150 2872 584 2872 528 1 2 0.0
w 2880 528 2920 528 0
w 3264 376 3200 384 0
197 3224 736 3248 736 1
152 2896 1176 2896 1112 1 4 0.0
152 2976 1176 2976 1112 1 4 0.0
152 2816 1176 2816 1120 1 4 0.0
w 2800 1176 2800 1224 0
w 2800 1224 2768 1224 0
w 2808 1176 2808 1272 0
w 2808 1272 2768 1272 0
w 2824 1176 2824 1320 0
w 2824 1320 2768 1320 0
w 2832 1176 2832 1368 0
w 2832 1368 2768 1368 0
w 2880 1176 2880 1248 0
w 2880 1248 2768 1248 0
w 2888 1176 2888 1272 0
w 2888 1272 2808 1272 0
w 2904 1176 2904 1344 0
w 2904 1344 2768 1344 0
w 2912 1176 2912 1368 0
w 2912 1368 2832 1368 0
w 2960 1176 2960 1296 0
w 2960 1296 2768 1296 0
w 2968 1176 2968 1320 0
w 2968 1320 2824 1320 0
w 2984 1176 2984 1344 0
w 2984 1344 2904 1344 0
w 2992 1176 2992 1368 0
w 2992 1368 2912 1368 0
w 2816 1120 2816 808 0
w 2816 808 3192 808 0
w 3192 808 3192 784 0
w 3192 784 3224 784 0
w 2896 1112 2896 768 0
w 2896 768 3224 768 0
w 2976 1112 2976 752 0
w 2976 752 3224 752 0
w 3376 584 3320 584 0
w 3320 584 3320 736 0
w 3320 736 3288 736 0
w 3376 616 3336 616 0
w 3336 616 3336 752 0
w 3336 752 3288 752 0
w 3376 648 3352 648 0
w 3352 648 3352 768 0
w 3352 768 3288 768 0
w 3376 680 3376 784 0
w 3376 784 3288 784 0
w 3440 712 3440 800 0
w 3440 800 3288 800 0
w 3472 712 3472 816 0
w 3472 816 3288 816 0
w 3504 712 3504 832 0
w 3504 832 3288 832 0
w 3320 584 3320 528 0
w 3320 528 3352 528 0
w 3336 616 3336 544 0
w 3336 544 3352 544 0
w 3352 648 3352 560 0
w 3352 560 3368 560 0
w 3352 544 3368 544 0
w 3352 528 3368 528 0
w 3368 528 3416 528 0
w 3368 544 3368 536 0
w 3368 536 3416 536 0
w 3368 560 3376 560 0
w 3376 560 3376 544 0
w 3376 544 3416 544 0
w 3416 528 3600 528 0
w 3416 536 3600 536 0
w 3416 544 3600 544 0
w 3376 784 3528 784 0
w 3528 784 3552 784 0
w 3552 784 3552 672 0
w 3440 800 3568 800 0
w 3472 816 3576 816 0
w 3504 832 3584 832 0
I 3552 656 3552 624 0 0.5
I 3592 656 3592 624 0 0.5
I 3632 656 3632 624 0 0.5
I 3680 656 3680 624 0 0.5
w 3552 656 3552 672 0
w 3552 624 3552 552 0
w 3552 552 3600 552 0
w 3648 552 3696 552 0
w 3328 344 3328 224 0
w 3328 360 3344 336 0
w 3328 376 3360 336 0
w 3344 336 3344 272 0
w 3344 272 3344 240 0
w 3360 336 3360 256 0
w 3504 472 3552 472 0
w 3472 496 3592 496 0
w 3504 512 3640 512 0
w 3376 440 3400 488 0
w 3400 488 3568 488 0
w 3552 472 3552 432 0
I 3552 408 3552 320 0 0.5
I 3592 408 3592 320 0 0.5
I 3672 408 3672 328 0 0.5
I 3632 408 3632 328 0 0.5
w 3552 432 3552 408 0
w 3568 488 3568 424 0
w 3568 424 3600 424 0
w 3600 424 3592 408 0
w 3592 496 3632 496 0
w 3632 408 3632 496 0
w 3640 512 3672 512 0
w 3672 408 3672 512 0
w 3328 224 3728 224 0
w 3344 240 3736 240 0
w 3360 256 3728 256 0
w 3552 320 3552 272 0
w 3552 272 3728 272 0
w 3592 320 3592 296 0
w 3592 296 3592 288 0
w 3592 288 3728 288 0
w 3632 328 3632 304 0
w 3632 304 3728 304 0
w 3672 328 3672 320 0
w 3672 320 3736 320 0
150 3776 272 3864 272 1 7 0.0
w 3728 224 3776 224 0
w 3776 224 3776 240 0
w 3776 240 3776 248 0
w 3736 240 3776 256 0
w 3728 256 3776 264 0
w 3728 272 3776 272 0
w 3728 288 3776 280 0
w 3728 304 3776 288 0
w 3736 320 3776 296 0
152 3920 400 4024 400 1 2 0.0
w 3864 272 3864 392 0
w 3864 392 3920 392 0
w 3920 408 3864 408 0
w 4024 400 4048 400 0
g 4152 400 4152 464 0
w 3864 408 3864 552 0
w 3600 552 3648 552 0
150 3800 536 3848 536 1 7 0.0
w 3592 656 3592 800 0
w 3632 656 3632 816 0
w 3680 656 3680 808 0
w 3680 808 3680 832 0
w 3584 832 3680 832 0
w 3576 816 3632 816 0
w 3568 800 3592 800 0
w 3592 624 3592 568 0
w 3632 624 3632 584 0
w 3680 624 3680 600 0
w 3592 568 3696 568 0
w 3632 584 3744 584 0
w 3680 600 3776 600 0
w 3600 528 3712 528 0
w 3712 528 3712 512 0
w 3712 512 3800 512 0
w 3800 520 3736 520 0
w 3736 520 3736 536 0
w 3600 536 3736 536 0
w 3600 544 3752 544 0
w 3752 544 3752 528 0
w 3752 528 3800 528 0
w 3696 552 3760 552 0
w 3760 552 3760 536 0
w 3760 536 3800 536 0
w 3696 568 3768 568 0
w 3768 568 3768 544 0
w 3768 544 3800 544 0
w 3744 584 3776 584 0
w 3776 560 3800 552 0
w 3776 560 3776 576 0
w 3776 576 3776 584 0
w 3776 600 3800 600 0
w 3800 560 3800 600 0
w 3848 536 3864 552 0
155 328 1688 408 1688 4 0.0
155 536 1688 616 1688 4 0.0
155 744 1688 792 1688 4 0.0
w 744 1720 696 1720 0
w 696 1720 696 1864 0
w 280 1864 168 1864 0
w 696 1864 504 1864 0
w 504 1864 344 1864 0
w 344 1864 280 1864 0
w 536 1720 504 1720 0
w 504 1720 504 1864 0
w 328 1720 280 1720 0
w 280 1720 280 1864 0
w 536 1688 424 1688 0
w 744 1688 632 1688 0
w 840 1688 872 1688 0
w 872 1688 872 1544 0
w 872 1544 568 1544 0
154 424 1544 328 1544 0 2 0.0
w 424 1528 568 1528 0
w 568 1528 568 1544 0
w 424 1560 472 1560 0
w 472 1560 536 1560 0
w 328 1544 248 1544 0
w 248 1544 248 1560 0
w 840 1752 1016 1752 0
w 632 1752 664 1752 0
w 424 1752 472 1752 0
w 120 1864 168 1864 0
w 840 1720 888 1720 0
w 632 1720 648 1720 0
w 424 1720 472 1720 0
L 536 1752 536 1816 0 0 false 5.0 0.0
L 744 1752 744 1816 0 0 false 5.0 0.0
155 136 1688 168 1688 4 0.0
w 328 1688 232 1688 0
w 136 1720 120 1720 0
w 120 1720 120 1864 0
w 248 1560 72 1560 0
w 72 1560 72 1688 0
w 72 1688 136 1688 0
w 136 1752 72 1752 0
w 536 1560 536 1608 0
w 632 1608 632 1688 0
L 72 1752 40 1752 0 0 false 5.0 0.0
L 328 1752 328 1800 0 0 false 5.0 0.0
w 232 1688 232 1320 0
w 424 1688 424 1648 0
w 424 1096 424 1336 0
w 632 1248 632 1152 0
w 632 1152 648 1152 0
w 424 1096 456 1096 0
w 248 1008 240 1008 0
g 592 744 592 704 0
w 120 1720 -48 1720 0
w -48 1720 -48 1304 0
w -48 1304 -48 888 0
w -48 888 -48 824 0
w 592 824 -48 824 0
162 592 824 592 744 1 2.1024259 1.0 0.0 0.0
x 281 791 556 797 0 24 INPUT WHEN LED IS ON
s 864 1032 752 1032 0 1 false
s 864 1112 752 1112 0 1 false
s 864 1184 752 1184 0 1 false
w 248 1008 760 1008 0
w 456 1096 760 1088 0
w 648 1152 760 1152 0
w 120 1864 88 1864 0
w 88 1864 88 1736 0
w 88 1736 -72 1736 0
w -72 1736 -72 1312 0
w -72 1312 -72 912 0
w -72 912 520 912 0
w 2040 768 1992 768 0
w 2040 896 1976 896 0
154 864 1040 912 1040 1 2 0.0
154 864 1120 920 1120 1 2 0.0
154 864 1192 920 1192 1 2 0.0
w 920 1008 920 1040 0
w 920 1040 912 1040 0
w 920 1088 920 1120 0
w 920 1152 920 1192 0
w 760 1008 752 1032 0
w 760 1088 752 1112 0
w 760 1152 752 1184 0
L 864 1048 832 1048 0 0 false 5.0 0.0
L 864 1128 832 1128 0 0 false 5.0 0.0
L 864 1200 832 1200 0 0 false 5.0 0.0
162 4048 400 4152 400 1 2.1024259 1.0 0.0 0.0
157 3376 344 3488 344 0
w 4024 400 4024 56 0
w 232 1752 232 1896 0
w 472 1752 472 1904 0
w 664 1752 656 1880 0
w 656 1880 656 1896 0
w 1016 1752 1016 1888 0
w 232 1896 472 1904 0
w 472 1904 656 1896 0
w 656 1896 920 1888 0
w 920 1888 1016 1888 0
w 1016 1888 1064 1888 0
w 1064 1888 1064 1504 0
w 1064 1504 1064 1328 0
w 1064 1328 648 1328 0
w 536 1328 648 1328 0
w 536 1328 536 1128 0
w 536 1040 536 1128 0
w 536 1040 536 992 0
w 800 584 800 640 0
w 880 592 800 584 0
w 880 592 880 384 0
w 872 120 880 384 0
w 872 16 872 120 0
w 872 16 1280 16 0
w 1280 16 1488 16 0
w 1488 16 1824 16 0
w 1824 16 2456 16 0
w 2456 16 2768 16 0
w 2768 16 3408 16 0
w 3408 16 3864 16 0
w 3864 16 4024 16 0
w 4024 16 4024 56 0
w 424 1640 424 1648 0
w 240 1008 240 1176 0
x 839 703 893 709 0 24 Rock
x 840 790 904 796 0 24 Paper
x 826 866 916 872 0 24 Scissors
x 798 1082 852 1088 0 24 Rock
x 800 1161 864 1167 0 24 Paper
x 802 1236 892 1242 0 24 Scissors
x 779 987 895 993 0 24 PLAYER B
x 813 648 928 654 0 24 PLAYER A
w 1608 640 1608 528 0
w 1752 688 1752 568 0
w 1608 528 1232 528 0
w 1752 568 1232 568 0
w 1232 528 648 528 0
w 1232 568 720 568 0
w 720 568 720 616 0
w 648 528 648 608 0
162 648 608 648 680 1 2.1024259 1.0 0.0 0.0
162 720 616 720 680 1 2.1024259 1.0 0.0 0.0
g 648 680 648 720 0
g 720 680 720 720 0
x 582 657 618 663 0 24 TIE
x 696 765 782 770 0 22 INVALID
w 632 1304 632 1560 0
w 632 1560 632 1608 0
w 424 1416 424 1616 0
w 424 1616 424 1640 0
w 536 992 728 992 0
w 728 992 728 864 0
w 728 808 728 864 0
w 728 808 784 808 0
w 784 808 784 640 0
w 784 640 800 640 0
154 232 1264 232 1200 1 2 0.0
w 240 1264 248 1320 0
w 224 1264 224 1320 0
w 248 1320 248 1408 0
w 248 1408 248 1504 0
w 248 1504 296 1512 0
w 296 1512 296 1576 0
w 296 1576 296 1640 0
w 296 1640 424 1640 0
w 536 1608 584 1608 0
w 584 1608 632 1608 0
w 232 1320 224 1320 0
w 232 1320 360 1320 0
w 360 1320 360 1384 0
w 360 1384 416 1392 0
w 432 1392 576 1400 0
w 576 1400 576 1488 0
w 576 1488 576 1520 0
w 576 1520 568 1528 0
150 632 1296 632 1256 1 2 0.0
w 632 1256 632 1248 0
w 640 1296 632 1304 0
w 424 1416 600 1416 0
w 600 1416 624 1400 0
w 624 1400 624 1384 0
w 624 1296 624 1384 0
w 232 1200 240 1176 0
151 424 1384 424 1336 1 2 5.0
w 416 1392 416 1384 0
w 432 1384 432 1392 0
s 520 912 600 912 0 1 false
R 624 912 680 912 1 2 100.0 2.5 2.5 0.0 0.5
w 624 912 592 912 0
w 592 912 600 912 0
w 2456 16 2448 440 0
w 2448 440 2448 696 0
w 2448 696 2512 696 0
w 2512 696 2592 696 0
w 2592 696 2672 696 0
w 2672 696 2752 696 0
w 2752 696 2832 696 0
w 2448 696 2456 1112 0
w 2456 1112 2272 1112 0
w 2272 1112 2272 1584 0
w 2272 1584 2400 1584 0
w 2400 1584 2480 1584 0
w 2480 1584 2560 1584 0
w 2560 1584 2640 1584 0
w 2640 1584 2720 1584 0
w 2720 1552 2720 1584 0
w 2640 1552 2640 1584 0
w 2560 1552 2560 1584 0
w 2480 1552 2480 1584 0
w 2400 1552 2400 1584 0
w 2512 664 2512 696 0
w 2592 664 2592 696 0
w 2672 664 2672 696 0
w 2752 664 2752 696 0
w 2832 664 2832 696 0
w 3864 552 3864 808 0
w 3864 808 3864 896 0
w 3864 896 3480 896 0
w 3480 896 3192 896 0
w 3192 896 3032 896 0
w 3032 896 2776 904 0
w 2776 904 2568 912 0
w 2568 912 2280 912 0
w 2280 672 2280 912 0
w 2288 408 2280 664 0
w 2280 672 2280 664 0
w 2288 408 2288 304 0
w 2288 304 2288 256 0
w 2288 256 2056 256 0
w 2056 256 1608 248 0
w 1608 248 1288 240 0
w 1288 240 1112 240 0
w 1112 240 960 240 0
w 1064 208 1344 208 0
w 1344 208 1656 216 0
w 1656 216 1928 216 0
w 1928 216 2368 216 0
w 2368 216 2816 224 0
w 2816 224 2816 160 0
w 2816 160 3264 160 0
w 3264 160 3704 160 0
w 3704 160 3856 160 0
x 3411 303 3501 309 0 24 Player A
x 3221 633 3312 639 0 24 Player B
w 3864 272 3864 160 0
w 3856 160 3864 160 0
x 114 872 653 878 0 24 PRESS SWITCH TO PLAY AGAINST COMPUTER
